## Lunch 1200
One Act OA 35
Room Auditorium Center 1
0800  
0840
0915 Break
0920
1000
1035 Break
1040
1120
1200 Break
1245
1325
1410 Break
1415
1455 
1500 Break
1505
1540

##Lunch 1130
Readers Theatre RT 25
Room Library Center 2
0800
0830
0859 Break
0900
0930
0959 Break
1000
1030
1100
1130 Break
1215 
1245
1315
1344 Break
1345
1415
1445
1514 Break
1515
1545
1615

## Lunch 1200
Group Improvisation GI 8
Room 231 Center 3
0800
0810
0820
0830
0840
0850
0859 Break
0900
0910
0920
0930
0940
0950
0959 Break
1000
1010
1020
1030
1040
1050
1059 Break
1100
1110
1120
1130
1140
1150
1159 Break
1245
1255
1305
1315
1325
1335
1345
1354 Break
1355
1405
1415
1425
1435
1445
1454 Break
1455
1505
1515
1525
1535
1545
1554 Break
1555
1605
1615
1620
1630
1640
1650

##lunch 1200
Ensemble Acting EA 15
Room 302 Center 6
0800
0820
0840
0855 Break
0900
0920
0940
0955 Break
1000 
1020
1040
1055 Break
1100
1120
1140
1155 Break
1245 
1305
1325
1345
1304 Break
1305
1325
1345
1405
1424 Break
1425
1445
1505
1525
1545
1559 Break
1600
1620
1640



##lunch 1200
Choral Reading CR 15
Room Band Center 5
0800
0820
0840
0900
0920
0940
0959 Break
1005
1025
1045
1105
1125
1145

##Lunch 1200
Musical Theatre MT 10
Room Vocal Music Center 4
0800
0820
0840
0900
0920
0940
0959 Break
1005
1025
1045
1105
1125
1145
1205 Break
1300
1320
1340
1400
1420
1440
1459 Break
1500
1520

Group Mime GM 7
Room Band Center 5
1300 
1310
1320
1330
1340
1350
1359 Break
1400
1410
1420
1430
1440
1450
1459 Break

Solo Mime SM 5
Room Band Center 5
1500
1509
1518
1527
1536
1545
1554
1603 Break
1605
1614
1623

Television News TV 10
Room 310 Center 7
0800
0815
0830
0845
0859 Break
0900
0915
0930

Radio Broadcasting RB 7
Room 310 Center 7
0945
0955
1005
1015
1025
1035
1045
1059 Break
1100 
1110
1120
1130
1140
1150
1159 Break

Short Film SF 6
1250
1300
1310
1320
1330
1340
1350
1359 Break
1400
1410
1420
1430
1440
1450
1459 Break
1500
1510
1520
1530
1540
1550
## 



