## Comment lines start with ##
## Event catagories must start with alphabetic character, and be on their own line.
## 2-char identifier, then number of minutes each session lasts
## Room description is on the next line. Line needs to start with "Room "
## Event sessions list their start in 24-hour format

Public Address PA 8
Room E44 Center 1 
0800
0810
0820
0830
0840
0850
0900 
0909 Break
0925 
0935
0945
0955
1005
1015
1025 
1035 Break
1045
1055 
1105
1115
1125
1135
1145 
1155 Break
1250
1300
1310
1320
1330
1340
1350 
1400 Break
1415
1425
1435
1445
1455
1505
1515 
1525 Break
1540
1550
1600
1610


Expository Address EA 6
Room E45 Center 2 
0800
0810
0820
0830
0840
0850
0900 
0910 Break
0920 
0930
0940
0950
1000
1010
1020 
1030 
1040 Break
1050 
1100
1110
1120
1130
1140 
1150 
1200 Break
1250
1300
1310
1320
1330
1340
1350 
1400 Break
1410
1420
1430
1440
1450
1500
1510
1520 
1530 Break
1540
1550
1600
1610
1620
1630
1640
1650
1650

Storytelling ST 5
Room B56 Orchestra Room Center 3 
0800
0809
0818
0827
0836
0845
0854 
0903 Break
0915 
0924
0933
0942
0951
1000
1009 
1018 
1027 Break
1040
1049
1058
1107
1116
1125
1134
1143 
1152 Break
1245
1254
1303
1312
1321
1330
1339 
1348 Break
1400
1409
1418
1427
1436
1445
1454 
1503 Break
1515
1524
1533
1542
1551


Storytelling ST 5
Room B53 Band Room Center 4 
0800
0809
0818
0827
0836
0845
0854 
0903 Break
0915 
0924
0933
0942
0951
1000
1009 
1018 
1027 Break
1040
1049
1058
1107
1116
1125
1134
1143 
1152 Break
1245
1254
1303
1312
1321
1330
1339 
1348 Break
1400
1409
1418
1427
1436
1445
1454 
1503 Break
1515
1524
1533
1542
1551


Review RV 8
Room D167 Center 5 
0800
0810
0820
0830
0840
0850
0900 
0909 Break
0925 
0935
0945
0955
1005
1015
1025 
1034 Break
1050 
1100
1110
1120
1130
1140 
1150 
1159 Break
1300
1310
1320
1330
1340
1350 
1400 
1409 Break
1425
1435
1445


Solo Musical Theatre SMT 5
Room Library Center 6 
0800
0809
0818
0827
0836
0845
0854 
0903 
0913 Break
0920
0929
0938
0947
0956
1005
1014
1023 
1033 Break
1045
1053
1101
1109
1117
1125
1133
1141 
1151 Break
1250
1259
1308
1317
1326
1335
1344
1353 
1403 Break
1410
1419
1428
1437
1446
1455
1504
1513 
1523 Break
1530
1539
1548
1557
1606
1615
1624
1633
1642 


Spontaneous Speaking SS 8
Room D153 Center 7 
0800
0810
0820
0830
0840
0850
0900 
0910 Break
0925 
0935
0945
0955
1005
1015
1025 
1035 Break
1050 
1100
1110
1120
1130
1140 
1150 
1200 Break
1300
1310
1320
1330
1340
1350 
1400 
1410 Break
1425
1435
1445
1455
1505
1515
1525 
1535 Break
1550
1600
1610
1620
1630


After Dinner Speaking AD 6
Room B149 Center 8
0800
0808
0816
0824
0832
0840
0848
0856 
0905 Break
0915
0923
0931
0939
0947
0955
1003
1011
1019 
1028 Break
1040
1048
1056
1104
1112
1120
1128
1136
1144 
1153 Break
1240
1248
1256
1304
1312
1320
1328
1336
1344 
1353 Break
1405
1413
1421
1429
1437
1445
1453
1501
1509 
1518 Break
1525
1533
1541
1549
1557
1605
1613
1621 
1630 Break
1640
1648
1656
1704
1712
1720
1728
1736

Poetry PO 6
Room B147 Center 9 
0800
0809
0818
0827
0836
0845
0854 
0903 
0911 Break
0920
0929
0938
0947
0956
1005
1014
1023 
1031 Break
1045
1053
1101
1109
1117
1125
1133
1141 
1149 Break
1250
1259
1308
1317
1326
1335
1344
1353 
1402 Break
1410
1419
1428
1437
1446
1455
1504
1513 
1521 Break
1530
1539
1548
1557
1606
1615
1624
1633




Poetry PO 6
Room B144 Center 10 
0800
0809
0818
0827
0836
0845
0854 
0903 
0912 Break
0920
0929
0938
0947
0956
1005
1014
1023 
1032 Break
1045
1053
1101
1109
1117
1125
1133
1141 
1150 Break
1250
1259
1308
1317
1326
1335
1344
1353 
1402 Break
1410
1419
1428
1437
1446
1455
1504
1513 
1522 Break
1530
1539
1548
1557
1606
1615
1624
1633


Prose PR 6
Room B141 Center 11
0800
0809
0818
0827
0836
0845
0854 
0903 
0912 Break
0920
0929
0938
0947
0956
1005
1014
1023 
1032 Break
1045
1053
1101
1109
1117
1125
1133
1141 
1150 Break
1250
1259
1308
1317
1326
1335
1344
1353 
1402 Break
1410
1419
1428
1437
1446
1455
1504
1513 
1522 Break
1530
1539
1548
1557
1606
1615
1624
1633


Prose PR 6
Room B139 Center 12
0800
0809
0818
0827
0836
0845
0854 
0903 
0912 Break
0920
0929
0938
0947
0956
1005
1014
1023 
1032 Break
1045
1053
1101
1109
1117
1125
1133
1141 
1150 Break
1250
1259
1308
1317
1326
1335
1344
1353 
1402 Break
1410
1419
1428
1437
1446
1455
1504
1513 
1522 Break
1530
1539
1548
1557
1606
1615
1624
1633
1642


Prose PR 6
Room B137 Center 13 
0800
0810
0820
0830
0840
0850
0900 
0910 Break
1050 
1100
1110
1120
1130
1140 
1150 Break
1415
1425
1435
1445
1455
1505 
1515 Break

Poetry PO 6
Room B137 Center 13 
0925 
0935
0945
0955
1005
1015
1025 
1035 Break
1250
1300
1310
1320
1330
1340
1350 
1400 Break
1530
1540
1550
1600
1610
1620
1630
1640

Literary Program LP 8
Room B247 Center 14 
0800
0810
0820
0830
0840
0850
0900
0910 
0920 Break
0930 
0940
0950
1000
1010
1020
1030
1040 
1050 Break
1100
1110
1120
1130
1140 
1150 
1200 
1210 Break
1300
1310
1320
1330
1340
1350 
1400 
1410 
1420 Break
1430
1440
1450
1500
1510
1520
1530
1540 
1550 Break
1600
1610
1620


Original Oratory OO 8
Room B237 Center 15 
0800
0810
0820
0830
0840
0850
0900
0910 
0920 Break
0930 
0940
0950
1000
1010
1020
1030
1040 
1050 Break
1100
1110
1120
1130
1140 
1150 
1200 
1210 Break
1300
1310
1320
1330
1340
1350 
1400 
1410 
1420 Break
1430
1440
1450
1500
1510
1520
1530
1540 
1550 
1600 Break
1610
1620
1630
1640
1650
1700
1710
1720

Solo Musical Theatre SMT 5
Room Auditorium Center 16
0800
0809
0818
0827
0836
0845
0854 
0903 
0912 Break
0920
0929
0938
0947
0956
1005
1014
1023 
1032 Break
1045
1053
1101
1109
1117
1125
1133
1141 
1150 Break
1250
1259
1308
1317
1326
1335
1344
1353 
1402 Break
1410
1419
1428
1437
1446
1455
1504
1513 
1522 Break
1530
1539
1548
1557
1606
1615
1624
1633


Improvisational Acting IMP 8
Room A211 Center 17 
0800
0810
0820
0830
0840
0850
0900 
0910 Break
0925 
0935
0945
0955
1005
1015
1025 
1035 Break
1050
1100
1110
1120
1130
1140 
1150 
1200 Break
1250
1300
1310
1320
1330
1340
1350 
1400 Break
1415
1425
1435
1445
1455
1505 
1515 Break
1530
1540 
1550 
1600


Improvisational Acting IMP 8
Room A217 Center 18 
0800
0810
0820
0830
0840
0850
0900 
0910 Break
0925 
0935
0945
0955
1005
1015
1025 
1035 Break
1050
1100
1110
1120
1130
1140 
1150 
1200 Break
1250
1300
1310
1320
1330
1340
1350 
1400 Break
1415
1425
1435
1445
1455
1505 
1515 Break
1530
1540 
1550 
1600


Acting ACT 8
Room A209 Center 19 
0800
0810
0820
0830
0840
0850
0900
0910 
0920 Break
0930 
0940
0950
1000
1010
1020
1030
1040 
1050 Break
1100
1110
1120
1130
1140 
1150 
1200 
1210 Break
1300
1310
1320
1330
1340
1350 
1400 
1410 
1420 Break
1430
1440
1450
1500
1510
1520
1530
1540 
1550 Break
1600
1610
1620
1630
1640
1650


Acting ACT 8
Room A309 Center 20 
0800
0810
0820
0830
0840
0850
0900
0910 
0920 Break
0930 
0940
0950
1000
1010
1020
1030
1040 
1050 Break
1100
1110
1120
1130
1140 
1150 
1200 
1210 Break
1300
1310
1320
1330
1340
1350 
1400 
1410 
1420 Break
1430
1440
1450
1500
1510
1520
1530
1540 
1550 Break
1600
1610
1620
1630
1640
1650


Radio News Announcing RN 5
Room A321 Center 21
0800
0808
0816
0824
0832
0840
0848
0856 
0904 
0912 Break
0920
0928
0936
0944
0952
1000
1008
1016
1024 
1032 Break
1045
1053
1101
1109
1117
1125
1133
1141
1149 
1157 Break
1255
1303
1311
1319
1327
1335
1343
1351
1359
1407 
1415 Break
1425
1433
1441
1449
1457
1505
1513
1521
1529 
1537 Break
1550
1558
1606
1614
1622
1630
1638
1646
1654
1702

Literary Program LP 8
Room A326 Center 22 
0800
0810
0820
0830
0840
0850
0900 
0910 Break
1050
1100
1110
1120
1130
1140 
1150 
1200 Break
1425
1435
1445
1455
1505
1515
1525
1535
1545
1555

Acting ACT 8
Room A326 Center 22 
0925 
0935
0945
0955
1005
1015
1025 
1035 Break
1300
1310
1320
1330
1340
1350 
1400 
1410 Break
