
## West Des Moines Valley State Large Group Schedule##
## Comment lines start with ##
## Event categories must start with alphabetic character, and be on their own line.
## 2-char identifier, then number of minutes each session lasts
## Room description is on the next line. Line needs to start with "Room "
## Event sessions list their start in 24-hour format


One Act Play OA 35
Room PAC Center 1
800
845
930
1015 Break
1020
1105
1140 Break        
1220
1305
1350
1435 Break        
1505
1550
1635 Break
1645
1730


Ensemble Acting EA 15
Room 1633 Center 2                
800
815
830
845
900
915
930
945 Break
1000
1015
1030
1045
1100
1115
1130
1145 Break    
1230
1245
1300
1315
1330
1345
1400
1415 Break
1430
1445
1500
1515
1530 Break
1545
1600
1615
1630 
1645
1700



Ensemble Acting EA 15    `    
Room 1662 Center 3        
800
815
830
845
900
915
930
945 Break    
1000
1015
1030
1045
1100
1115
1130
1145 Break
1230
1245
1300 
1315 
1330 
1345
1400
1415 Break    
1430
1445
1500
1515 Break
1530
1545
1600
1615
1630 Break        
1645
1700
1715


Ensemble Acting EA 15        
Room 1630 Center 4        
800
815
830
845
900
915
930
945 Break
1000
1015
1030
1045
1100
1115
1130
1145 Break
1230
1245
1300
1315
1330
1345
1400
1415 Break
1430
1445
1500
1515
1530
1545
1600
1615 Break    
1645
1700
1715



Group Mime GM 7
Room 1728/Dance Room Center 5
    
800
809
818
827
836
845
854
903
912
921
930
939
948 Break
1151
1200
1209
1218
1227
1236
1245
1254
1309
1318
1327 Break    
1342
1351
1400
1409
1418
1427
1436
1445 Break



Solo Mime SM 5
Room 1728/Dance Room Center 5
        
1000
1007
1014
1021
1028
1035
1042
1049
1056
1102        
1109 Break
1521
1528
1535
1545
1552
1600

        
Musical Theatre  MT 10
Room 1723/Choir Room Center 6        
800
815
830
845
900
915
930
945 Break    
1000
1015
1030
1045
1100
1115
1130
1145
1200 Break
1300
1315
1330
1345
1400
1415
1430
1445 Break    
1500
1515
1530
1545
1600
1615
1630
1645
        
Musical Theatre  MT 10
Room 1721/Orchestra Room Center 7        
800
815
830
845
900
915
930
945 Break    
1000
1015
1030
1045
1100
1115
1130
1145
1200 Break    
1300
1315
1330
1345
1400
1415
1430
1445 Break
1500
1515
1530
1545
1600
1615
1630
1645
        
        
Readers Theatre RT 25
Room 1731/Drama Room Center 8        

800
830
900
930 Break
945
1015
1045
1115 Break
1215
1245
1315 Break
1330 
1400
1430
1500 Break
1515
1545
1615
1645


    
Group Improv GI 8
Room 1321 Center 9        
800
810
820
830
840
850
900
910
920
930 Break
940
950
1000
1010
1020
1030
1040
1050
1100
1110 Break
1200
1210
1220
1230
1240
1250
1300 Break
1330
1340
1350
1400 Break    
1410
1420
1430
1440
1450
1500 Break
1520
1530
1540

        
Group Improv GI 8
Room 1343 Center 10        
800
810
820
830
840
850
900
910
920
930 Break
940
950
1000
1010
1020
1030
1040
1050
1100
1110 Break
1200
1210
1220
1230
1240
1250 Break
1320
1330
1340
1350
1400 Break    
1410
1420
1430
1440
1450
1500 Break    
1520
1530
1540
1550



        
Group Improv GI 8
Room 1333 Center 11        
800
810
820
830
840
850
900
910
920
930 Break        
940
950
1000
1010
1020
1030
1040
1050
1100
1110 Break
1200
1210
1220
1230
1240 Break
1310
1320
1330
1340
1350
1400 Break
1410
1420
1430
1440
1450
1500 Break    
1520
1530
1540
1550

Radio News RN 6
Room 1311 Center 12    
800
810
820
830
840
850
900
910
920 Break
950
1000
1010
1020
1030
1040
1050
1100 Break
1210
1220
1230
1240
1250
1300
1310
1320 Break
1350
1400
1410
1420
1430
1440
1450
1500 Break
1525
1535
1545
1555
1605
1615



                
Television News TV 10
Room 1314 Center 14        
945
1000
1015
1030
1045
1100 Break
1600
1615
1630
1645
1700


Short Film SF 6
Room 1314 Center 14        
800
810
820
830
840
850
900
910
920
930 Break
1215
1225
1235
1245
1255
1305
1315
1325
1335
1345 Break
1400
1415
1430
1440
1450
1500
1510
1520
1530
1540 Break

        
Choral Reading CR 15
Room Band Hall South Center 15        
800
818
836
854
912
930
948
1006 Break
1025
1043
1101
1119
1137
1155
1213 Break    
1300
1318
1337
1355
1413
1431
1449
1507 Break    
1515
1533
1551
1609
1627
1645
1703
1721 Break
1730
1748
1806
1824
1842
        
Readers Theatre RT 25
Room Band Hall North Center 16        
800
830
900
930 Break
945
1015
1045
1115 Break
1215
1245
1315
1330 Break
1400
1430
1500 
1530 Break
1545
1615
1645
1715


Television News TV 10
Room 1506 Forum Center 17    
800
815
830
845
900
915 Break
1400
1415
1430
1445
1500
1515 Break
    
Short Film SF 6
Room 1506 Forum Center 17        
940
950
1000
1010
1020
1030
1040
1050
1100
1110 Break
1210        
1220
1230
1240
1250
1300
1310
1320
1330 
1340 Break
1530
1540
1550
1600
1610
1620
1630
1640
1650
