##State IE, 2017, Vinton-Shellsburg

Original Oratory OO 8
Room 132 Center 1
800
808
816
824
832
840
848
856 Break
900
908
916
924
932
940
948
956 Break
1000
1008
1016
1024
1032
1040
1048
1056 Break
1100
1108
1116
1124
1132
1140
1148
1156 Break
1300
1308
1316
1324
1332
1340
1348
1356 Break
1400
1408
1416
1424
1432
1440
1448
1456 Break
1500
1508
1516
1524
1532
1540
1548
1556 Break

Public Address PA 8
Room 133 Center 2
800
808
816
824
832
840
848
856 Break
900
908
916
924
932
940
948
956 Break
1000
1008
1016
1024
1032
1040
1048
1056 Break
1100
1108
1116
1124
1132
1140
1148
1156
1204 Break
1300
1308
1316
1324
1332
1340
1348
1356 Break
1400
1408
1416
1424
1432
1440
1448
1456 Break
1500
1508
1516
1524
1532
1540
1548
1556
1604
1612 Break

Radio News RN 5
Room 134/134A Center 3
Draw 30 minutes before your performance time!
830
837
844
851
858
905
912
919
926 Break
930
937
944
951
958
1005
1012
1019
1026 Break
1030
1037
1044
1051
1058
1105
1112
1119
1126 Break
1230
1237
1244
1251
1258
1305
1312
1319
1326 Break
1330
1337
1344
1351
1358
1405
1412
1419
1426 Break
1430
1437
1444
1451
1458
1505
1512
1519
1526 Break
1530
1537
1544
1551
1558
1605
1612 Break

Expository Address EA 6
Room 129 Center 4
800
807
814
821
828
835
842
849
856 Break
900
907
914
921
928
935
942
949
956 Break
1000
1007
1014
1021
1028
1035
1042
1049 Break
1100
1107
1114
1121
1128
1135
1142
1149
1156 Break
1300
1307
1314
1321
1328
1335
1342
1349
1356 Break
1400
1407
1414
1421
1428
1435
1442
1449
1456 Break
1500
1507
1514
1521
1528
1535
1542
1549 Break

Prose PR 6
Room 136 Center 5
800
808
816
824
832
840
848
856 Break
900
908
916
924
932
940
948
956 Break
1000
1008
1016
1024
1032
1040
1048
1056 Break
1100
1108
1116
1124
1132
1140
1148
1156 Break
1300
1308
1316
1324
1332
1340
1348
1356 Break
1400
1408
1416
1424
1432
1440
1448
1456 Break
1500
1508
1516
1524
1532
1540
1548
1556
1600 Break

Literary Program LP 8
Room 153 Center 6
800
809
818
827
836
845
854 Break
900
909
918
927
936
945
954 Break
1000
1009
1018
1027
1036
1045
1054 Break
1100
1109
1118
1127
1136
1145
1154 Break
1300
1309
1318
1327
1336
1345
1354 Break
1400
1409
1418
1427
1436
1445
1454 Break
1500
1509
1518
1527
1536
1545
1554 Break
1600
1609
1618
1627
1636
1645
1654 Break

Spontaneous Speaking SS 8
Room 152 Center 7
800
808
816
824
832
840
848
856 Break
900
908
916
924
932
940
948
956 Break
1000
1008
1016
1024
1032
1040
1048
1056
1104 Break
1200
1208
1216
1224
1232
1240
1248
1256 Break
1300
1308
1316
1324
1332
1340
1348
1356 Break
1400
1408
1416
1424
1432
1440
1448
1456 Break
1500
1508
1516
1524
1532
1540
1548
1556 Break
1600
1608
1616
1624
1632
1640 Break
1644
1652
1700
1708
1716
1724 Break

Acting ACT 8
Room 147 Center 8
800
809
818
827
836
845
854 Break
900
909
918
927
936
945
954 Break
1000
1009
1018
1027
1036
1045
1054 Break
1100
1109
1118
1127
1136
1145
1154 Break
1300
1309
1318
1327
1336
1345
1354 Break
1400
1409
1418
1427
1436
1445
1454 Break
1500
1509
1518
1527
1536
1545
1554 Break
1600
1609
1618
1627
1636
1645 Break

Storytelling ST 5
Room 145 Center 9
800
806
812
818
824
830
836
842
848
854
900
906 Break
910
916
922
928
934
940
946
952
958
1004
1010
1016 Break
1020
1026
1032
1038
1044
1050
1056
1102
1108
1116
1124 Break
1230
1236
1242
1248
1254
1300
1306
1312
1318
1324
1330 Break
1340
1346
1352
1358
1404
1410
1416
1422
1428
1434
1440
1446 Break
1450
1456
1502
1508
1514
1520
1526
1532
1538
1542
1558
1604 Break
1610
1616
1622
1628
1634
1640
1646
1652
1658
1704 Break

Acting ACT 8
Room 143 Center 10
800
809
818
827
836
845
854 Break
900
909
918
927
936
945
954 Break
1000
1009
1018
1027
1036
1045
1054 Break
1100
1109
1118
1127
1136
1145
1154 Break
1300
1309
1318
1327
1336
1345
1354 Break
1400
1409
1418
1427
1436
1445
1454 Break
1500
1509
1518
1527
1536
1545
1554 Break
1600
1609
1618
1627
1636
1645 Break

Poetry PO 6
Room 158 Center 11
800
808
816
824
832
840
848
856 Break
900
909
918
924
932
940
948
956 Break
1000
1008
1016
1024
1032
1040
1048
1056 Break
1100
1108
1116
1124
1132
1140
1148
1156 Break
1300
1308
1316
1324
1332
1340
1348
1356 Break
1400
1408
1416
1424
1432
1440
1448
1456 Break
1500
1508
1516
1524
1532
1540
1548
1556 Break

Reviewing RV 8
Room 159 Center 12
800
810
820
830
840
850
900 Break
910
920
930
940
950
1000
1010 Break
1020
1030
1040
1050
1100
1110
1120 Break
1220
1230
1240
1250
1300
1310
1320
1330 Break
1340
1350
1400
1410
1420
1430
1440
1450 Break
1500
1510
1520
1530
1540
1550
1600
1610 Break

Improvisation IMP 8
Room 160 Center 13
800
808
816
824
832
840
848
856
904 Break
910
918
926
934
942
950
958
906
914 Break

After Dinner Speaking AD 5
Room 160 Center 13
930
937
944
951
958
1005
1012
1019
1026 Break
1030
1037
1044
1051
1058
1105
1112
1119
1126 Break
1230
1237
1244
1251
1258
1305
1312
1319
1326 Break
1330
1337
1344
1351
1358
1405
1412
1419
1426 Break
1530
1537
1544
1551
1558
1605
1612 Break
1618
1625
1632
1639
1646
1653
1700 Break

Storytelling ST 5
Room 115 Center 14
800
806
812
818
824
830
836
842
848
854
900
906 Break
910
916
922
928
934
940
946
952
958
1004
1010
1016 Break
1020
1026
1032
1038
1044
1050
1056
1102
1108
1114
1120
1126 Break
1230
1236
1242
1248
1254
1300
1306
1312
1318
1324
1330
1336 Break
1340
1346
1352
1358
1402
1408
1414
1420
1426
1432
1438
1444
1450 Break

After Dinner Speaking AD 5
Room 115 Center 14
1500
1506
1512
1518
1524
1530
1536 Break
1540
1546
1552
1558
1604
1610
1616 Break
1620
1626
1632
1638
1644
1650
1656 Break

Improvisation IMP 8
Room Band Room Center 15
800
808
816
824
832
840
848
856 Break
900
908
916
924
932
940
948
956 Break
1000
1008
1016
1024
1032
1040
1048
1056 Break
1100
1108
1116
1124
1132
1140
1148
1156 Break
1300
1308
1316
1324
1332
1340
1348
1356 Break
1400
1408
1416
1424
1432
1440
1448
1456 Break
1500
1508
1516
1524
1532
1540
1548
1556
1604
1612 Break

Solo Musical Theatre SMT 5
Room 108 Choir Center 16
800
807
814
821
828
835
842
849
856 Break
900
907
914
921
928
935
942
949 Break
1000
1007
1014
1021
1028
1035
1042
1049
1056 Break
1100
1107
1114
1121
1128
1135
1142
1149 Break
1300
1307
1314
1321
1328
1335
1342
1349 Break
1400
1407
1414
1421
1428
1435
1442
1449
1456 Break
1500
1507
1514
1521
1528
1535
1542
1549 Break
1600
1607
1614
1621
1628
1635
1642
1649
1656 Break

Solo Musical Theatre SMT 5
Room Middle School Library Center 17
830
837
844
851
858
905
912
919
926 Break
930
937
944
951
958
1005
1012
1019
1026 Break
1130
1137
1144
1151
1158
1205
1212
1219
1226 Break
1330
1337
1344
1351
1358
1405
1412
1419
1426 Break
1430
1437
1444
1451
1458
1505
1512
1519
1526 Break

Prose PR 6
Room 202 Middle School Center 18
830
838
846
854
902
910
918
926 Break
930
938
946
954
1002
1010
1018
1026 Break
1030
1038
1046
1054
1102
1110
1118
1126 Break
1230
1238
1246
1254
1302
1310
1318
1326 Break
1330
1338
1346
1354
1402
1410
1418
1426 Break
1430
1438
1446
1454
1502
1510
1518
1526
1534 Break

Poetry PO 6
Room 204 Middle School Center 19
830
838
846
854
902
910
918
926 Break
930
938
946
954
1002
1010
1018
1026 Break
1030
1038
1046
1054
1102
1110
1118
1126 Break
1230
1238
1246
1254
1302
1310
1318
1326 Break
1330
1338
1346
1354
1402
1410
1418
1426 Break
1430
1438
1446
1454
1502
1510
1518
1526 Break

Poetry PO 6
Room 206 Middle School Center 20
830
838
846
854
902
910
918
926 Break
930
938
946
954
1002
1010
1018
1026 Break
1030
1038
1046
1054
1102
1110
1118
1126 Break
1230
1238
1246
1254
1302
1310
1318
1326 Break
1330
1338
1346
1354
1402
1410
1418
1426 Break
1430
1438
1446
1454
1502
1510
1518
1526 Break

Prose PR 6
Room Middle School Choir Center 21
830
838
846
854
902
910
918
926 Break
930
938
946
954
1002
1010
1018
1026 Break
1030
1038
1046
1054
1102
1110
1118
1126 Break
1230
1238
1246
1254
1302
1310
1318 Break

Solo Musical Theater SMT 5
Room Middle School Choir Room Center 21
1330
1337
1344
1351
1358
1405
1412
1419
1426 Break
1430
1437
1444
1451
1458
1505
1512
1519
1526 Break

Literary Program LP 8
Room Middle School 214 Band  Center 22
830
839
848
857
906
915
924 Break
930
939
948
957
1006
1015
1024 Break
1030
1039
1048
1057
1106
1115
1124 Break
1130
1139
1148
1157
1206
1215
1224 Break
1330
1339
1348
1357
1406
1415
1424 Break
1430
1439
1448
1457
1506
1515
1524 Break
1530
1539
1548
1557
1606
1615 Break
1620
1629
1636
1645 Break







