##Newton High School Individual Schedule##

Spontaneous Speaking SS 8
Room 206 High School Center 5
0800
0809
0818
0827
0836
0845
0854
0903 Break
1055
1104
1113
1122
1131
1140
1149
1158 Break
1250
1259
1308
1317
1326
1335
1344
1353 Break
1545
1554
1603
1612
1621
1630

Reviewing RV 8
Room 206 High School Center 5
0915
0924
0933
0942
0951
1000
1009
1018
1027
1036
1045 Break
1405
1414
1423
1432
1441
1450
1459 Break



Storytelling ST 5
Room 217 High School Center 8
0800
0808
0816
0824
0832
0840
0848
0856
0904
0912 Break
0925
0933
0941
0949
0957
1005
1013
1021
1029
1037 Break
1050
1058
1106
1114
1122
1130
1138
1146
1154 Break
1245
1253
1301
1309
1317
1325
1333
1341
1349
1357 Break
1410
1418
1426
1434
1442
1450
1458
1506
1514


Expository Address EA 6
Room 218 High School Center 9
0800
0810
0820
0830
0840
0850
0900 Break
0920
0930
0940
0950
1000
1010
1020 Break
1230
1240
1250
1300
1310
1320
1330 Break
1340
1350
1400
1410
1420
1430
1440 Break

Poetry PO 6
Room 218 High School Center 9
1030
1039
1048
1057
1106
1115
1124
1133 Break
1500
1509


After Dinner Speaking AD 5
Room 212 High School Center 7
0800
0808
0816
0824
0832
0840
0848
0856
0904 Break
0915
0923
0931
0939
0947
0955
1003
1011
1019 Break
1030
1038
1046
1054
1102
1110
1118
1126
1134 Break


Radio News Announcing  RN 5
Room 231 High School Center 12
0800
0809
0818
0827
0836
0845
0854 Break
0905
0914
0923
0932
0941
0950
0959 Break
1010
1019
1028
1037
1046
1055
1104 Break
1200
1209
1218
1227
1236
1245
1254 Break
1305
1314
1323
1332
1341
1350
1359 Break


Poetry PO 6
Room 231 High School Center 12
1415
1424
1433
1442
1451
1500
1509


Original Oratory  OO 8
Room 232 High School Center 13
0800
0810
0820
0830
0840
0850
0900 Break
0910
0920
0930
0940
0950
1000
1010 Break
1020
1030
1040
1050
1100
1110
1120 Break
1215
1225
1235
1245
1255
1305
1315


Solo Musical Theatre  SMT 5
Room L11 High School Center 1
0800
0808
0816
0824
0832
0840
0848
0856
0904
0912 Break
0925
0933
0941
0949
0957
1005
1013
1021
1029
1037 Break
1050
1058
1106
1114
1122
1130
1138
1146
1154 Break
1245
1253
1301
1309
1317
1325
1333
1341
1349
1357 Break
1410
1418
1426
1434
1442
1450
1458
1506



Public Address PA 8
Room 250 High School Center 10
0800
0810
0820
0830
0840
0850
0900
0910 Break
0920
0930
0940
0950
1000
1010
1020
1030 Break
1245
1255
1305
1315
1325
1335
1345
1355 Break
1405
1415
1425
1435
1445
1455
1505
1515 Break


Prose PR 6
Room 250 High School Center 10
1040
1049
1058
1107
1116
1125
1134
1143 Break





Improvisation IMP 8
Room 211 High School Center 6
0800
0810
0820
0830
0840
0850
0900
0910 Break
0920
0930
0940
0950
1000
1010
1020
1030 Break
1040
1050
1100
1110
1120
1130
1140 Break
1240
1250
1300
1310
1320
1330
1340
1350 Break
1400
1410
1420
1430
1440
1450
1500
1510
1520 Break
1530
1540
1550
1600
1610
1620
1630
1640
1650


Acting ACT 8
Room 266 High School Center 11
0800
0810
0820
0830
0840
0850
0900
0910 Break
0920
0930
0940
0950
1000
1010
1020
1030 Break
1040
1050
1100
1110
1120
1130
1140 Break
1240
1250
1300
1310
1320
1330
1340
1350 Break
1400
1410
1420
1430
1440
1450
1500
1510 Break



Prose PR 6
Room 74 High School Center 3
0800
0809
0818
0827
0836
0845
0854
0903
0912 Break
0925
0934
0943
0952
1001
1010
1019
1028
1037 Break
1050
1058
1107
1116
1125
1134
1143
1152 Break
1250
1259
1308
1317
1326
1335
1344
1353
1402 Break
1415
1424
1433
1442
1451
1500
1509
1518
1527
1536
1545

Poetry PO 6
Room 70 High School Center 2
0800
0809
0818
0827
0836
0845
0854
0903
0912 Break
0925
0934
0943
0952
1001
1010
1019
1028
1037 Break
1050
1058
1107
1116
1125
1134
1143
1152 Break
1250
1259
1308
1317
1326
1335
1344
1353
1402 Break
1415
1424
1433
1442
1451
1500
1509
1518
1527
1536


Lit Program LP 8
Room 62 High School Center 4
0800
0810
0820
0830
0840
0850
0900
0910 Break
0920
0930
0940
0950
1000
1010
1020
1030 Break
1040
1050
1100
1110
1120
1130
1140 Break
1240
1250
1300
1310
1320
1330
1340
1350 Break
1400
1410
1420
1430
1440
1450
1500
1510 Break

