



ONE ACT OA 35
ROOM 1090 AUDITORIUM CENTER 01
800
845
930 BREAK
945
1030
1115 BREAK
1230
1315
1400 BREAK
1415
1500


MUSICAL THEATRE MT 10
ROOM 1410 CHOIR ROOM CENTER 02
800
815
830
845
900
915 BREAK
920
935
950
1005
1020
1035 BREAK
1040
1055
1110
1125
1140
1155 BREAK
1300
1315
1330
1345
1400
1415 BREAK
1420
1435
1450
1505
1520
1535 BREAK
1540
1555
1610
1625
1640


ENSEMBLE ACTING EA 15
ROOM 1470 BAND ROOM A CENTER 03
1300
1320
1340
1400
1420 BREAK
1425
1445
1505
1525
1545 BREAK
1550
1610
1630
1650

GROUP MIME GM 7
ROOM 2040 CENTER 03
800
810
820
830
840
850 BREAK
945
955
1005
1015
1025 BREAK
1030
1040
1050
1100
1110 BREAK

SOLO MIME SM 5
ROOM 2040 CENTER 03
900
908
916
924
932
940 BREAK
1210
1218
1226
1234
1242
1250 BREAK

TV NEWS TV 12
ROOM 1850 CENTER 04
800
815
830
845 BREAK
1230
1245
1300
1315 BREAK

RADIO BROADCASTING RB 6
ROOM 1850 CENTER 04
1435
1445
1455
1505
1515
1525
1535 BREAK
1540
1550
1600
1610
1620
1630
1640

SHORT FILM SF 6
ROOM 1060 CENTER 07
900
910
920
930
940
950
1000
1010 BREAK
1015
1025
1035
1045
1055
1105
1115
1125 BREAK
1320
1330
1340
1350
1400
1410
1420
1430 BREAK




GROUP IMPROVISATION GI 8
ROOM 2150 CENTER 05
800
810
820
830
840
850
900
910 BREAK
920
930
940
950
1000
1010
1020
1030 BREAK
1040
1050
1100
1110
1120
1130
1140
1150 BREAK
1300
1310
1320
1330
1340
1350
1400
1410 BREAK
1420
1430
1440
1450
1500
1510
1520
1530 BREAK
1540
1550
1600
1610
1620
1630
1640


ENSEMBLE ACTING EA 15
ROOM 1830 CENTER 06
800
820
840
900
920 BREAK
925
945
1005
1025
1045 BREAK
1050
1110
1130
1150
1210 BREAK
1300
1320
1340
1400
1420 BREAK
1425
1445
1505
1525
1545 BREAK
1550
1610
1630
1650


READERS THEATRE RT 25
ROOM 2080 CENTER 08
800
830
900 BREAK
910
940
1010 BREAK
1020
1050
1120 BREAK
1230
1300
1330 BREAK
1340
1410
1440 BREAK
1500
1530

CHORAL READING CR 15
ROOM 1480 BAND ROOM B CENTER 09
800
820
840
900
920
940 BREAK
950
1010
1030
1050
1110
1130 BREAK


