
Public Address PA 8
Room Center A
0800
0810
0820
0830
0840
0850
0900 Break
0905
0915
0925
0935
0945
0955
1005 Break
1010
1020
1030
1040
1050
1100
1110 Break
1115
1125
1135
1145
1155
1205
1215 Break Lunch
1315
1325
1335
1345
1355
1405

Improvisation IMP 8
Room Center A
1420
1430
1440
1450
1500 Break
1505
1515
1525
1535
1545 Break
1550
1600
1610 
1620
1630
1640

Improvisation IMP 8
Room Center B
0800
0810
0820
0830
0840
0850 Break
0855
0905
0915
0925
0935
0945 Break
0950
1000 
1010
1020
1030
1040 Break
1045
1055
1105
1115
1125
1135 Break Lunch
1235
1245
1255
1305
1315 
1325 Break
1330
1340
1350
1400
1410
1420 Break
1425
1435
1445
1455
1505
1520 Break
1525
1535
1545
1555
1605
1615
1625

Solo Musical Theatre SMT 5
Room Center C
0800
0808
0816
0824
0832
0840
0848 Break
0853
0901
0909
0917
0925
0933
0941 Break
0946
0954
1002
1010
1018
1026
1034 Break
1039
1047
1055
1103
1111
1119
1127 Break Lunch
1227
1235
1243
1251
1259
1307
1315 Break
1320
1328
1336
1344
1352
1400
1408 Break
1413
1421
1429
1437
1445
1453
1501 Break
1506
1514
1522
1530
1538
1546
1554

Acting ACT 8
Room Center D
0800
0810
0820
0830
0840
0850
0900 Break
0905
0915
0925
0935
0945
0955
1005 Break
1010
1020
1030
1040
1050
1100
1110 Break
1115
1125
1135
1145
1155
1205
1215 Break Lunch


Solo Musical Theatre SMT 5
Room Center D
1315
1323
1331
1339
1347
1355 Break
1400
1408
1416
1424
1432
1440 Break
1445
1453
1501
1509
1517
1525 Break
1530
1538
1546
1554
1602


Acting ACT 8
Room Center E
0800
0810
0820
0830
0840
0850 Break
0855
0905
0915
0925
0935
0945 Break
0950
1000
1010
1020
1030
1040 Break
1045
1055
1105
1115
1125
1135 Break Lunch
1235
1245
1255
1305
1315
1325 Break
1330
1340
1350
1400
1410
1420 Break
1425
1435
1445
1455
1505
1515 Break
1520
1530
1540
1550
1600

Poetry PO 6
Room Center F
0800
0809
0818
0827
0836
0845
0854 Break
0859
0908
0917
0926
0935
0944
0953 Break
0958
1007
1016
1025
1034
1043
1052 Break
1057
1106
1115
1124
1133
1142
1151 Break Lunch
1251
1300
1309
1318
1327
1336
1345 Break
1350
1359
1408
1417
1426
1435
1444 Break
1449
1458
1507
1516
1525
1534
1543 Break
1548
1557
1606
1615
1624
1633
1642
1651

Prose PR 6
Room Center G
0800
0809
0818
0827
0836
0845
0854 Break
0859
0908
0917
0926
0935
0944
0953 Break
0958
1007
1016
1025
1034
1043
1052 Break
1057
1106
1115
1124
1133
1142
1151 Break Lunch
1251
1300
1309
1318
1327
1336
1345 Break
1350
1359
1408
1417
1426
1435
1444 Break
1449
1458
1507
1516
1525
1534
1543 Break
1548
1557
1606
1615
1624
1633
1642 Break
1647
1656
1705


Poetry PO 6
Room Center H
0800
0809
0818
0827
0836
0845
0854 Break
0859
0908
0917
0926
0935
0944
0953 Break
0958
1007
1016
1025
1034
1043
1052 Break
1057
1106
1115
1124
1133
1142
1151 Break Lunch
1251
1300
1309
1318
1327
1336
1345 Break
1350
1359
1408
1417
1426
1435
1444 Break



Prose PR 6
Room Center H
1449
1458
1507
1516
1525
1534
1543 Break
1548
1557
1606
1615
1624
1633
1642 Break
1647
1656
1705



Literary Program LP 8
Room Center I
0800
0810
0820
0830
0840
0850 Break
0855
0905
0915
0925
0935
0945 Break
0950
1000
1010
1020
1030
1040 Break
1045
1055
1105
1115
1125
1135 Break Lunch
1235
1245
1255
1305
1315
1325 Break
1330
1340
1350
1400
1410
1420 Break
1425
1435
1445
1455
1505
1515
1525 Break
1530
1540
1550
1600
1610
1620



Expository Address EA 8
Room Center J
0800
0810
0820
0830
0840
0850
0900 Break
0908
0918
0928
0938
0948
1958
1008 Break
1016
1026
1036
1046
1056
1106
1116 Break
1124
1134
1144
1154
1204
1214 Break Lunch
1314
1324
1334
1344
1354
1404
1414 Break



Literary Program LP 8
Room Center J
1420
1430
1440
1450
1500
1510 Break
1515
1525
1535
1545
1555
1605 Break
1610
1620
1630
1640
1650



Radio News Announcing RN 5
Room Center K
0800
0808
0816
0824
0832
0840
0848
0856 Break
0901
0909
0917
0925
0933
0941
0949
0954 Break
1002
1010
1018
1026
1034
1042
1050
1058 Break
1103
1111
1119
1127
1135
1143
1151
1159 Break Lunch
1259
1307
1315
1323
1331
1339
1347
1355 Break
1400
1408
1416
1424
1432
1440
1448
1456 Break
1501
1509
1517
1525
1533
1541
1549
1557 Break
1602
1610
1618
1626
1634
1642
1650


Storytelling ST 5
Room Center L
0800

0808

0816

0824

0832

0840

0848

0856 Break

0901

0909

0917

0925

0933

0941

0949

0954 Break

1002

1010

1018

1026

1034

1042

1050

1058 Break

1103

1111

1119

1127

1135

1143

1151

1159 Break Lunch

1259

1307

1315

1323

1331

1339

1347

1355 Break

1400

1408

1416

1424

1432

1440

1448

1456 Break

1501

1509

1517

1525

1533

1541

1549

1557 Break

1602

1610

1618

1626

1634

1642

1650

1658



After Dinner Speaking AD 5
Room Center M
0800

0808

0816

0824

0832

0840

0848

0856 Break

0901

0909

0917

0925

0933

0941

0949

0954 Break

1002

1010

1018

1026

1034

1042

1050

1058 Break

1103

1111

1119

1127

1135

1143

1151

1159

1207 Break Lunch

1307

1315

1323

1331

1339

1347

1355

1403

1411 Break



Storytelling ST 5
Room Center M
1416

1424

1432

1440

1448

1456

1504 

1512 Break

1517

1525

1533

1541

1549

1557

1605

1613 Break

1618

1626

1634

1642

1650

1658



Original Oratory OO 8
Room Center N
0800
0810
0820
0830
0840
0850
0900 Break
0905
0915
0925
0935
0945
0955
1005 Break
1115
1125
1135
1145
1155
1205
1215 Break Lunch
1315
1325
1335
1345
1355
1405
1415
1425 Break
1430
1440
1450
1500
1510
1520
1530
1540
1550 Break



Reviewing RV 10
Room Center N
1010
1022
1034
1046
1058
1110 Break
1555
1607
1619
1631
1643
1655
1707


Spontaneous Speaking SS 8
Room Center O
0800
0810
0820
0830
0840
0850
0900 Break
1022
1032
1042
1052
1102
1112
1122 Break
1127
1137
1147
1157
1207
1217 Break Lunch
1434
1444
1454
1504
1514
1524
1534 Break
1539
1549
1559
1609
1619
1629
1639



Reviewing RV 10
Room Center O
0905
0917
0929
0941
0953
1005
1017 Break
1317
1329
1341
1353
1405
1417
1429 Break 




